2022-10-03T23:58:52.436Z
Node.js: v18.4.0
CCXT v1.95.5
bytex.fetchOrderBooks (BTC/USDT,ETH/USDT)
2022-10-03T23:58:54.387Z iteration 0 passed in 519 ms

{
  'BTC/USDT': {
    symbol: 1664841518918,
    bids: [
      [ 19606.79, 0.2934 ],  [ 19589.73, 0.01491 ],
      [ 19525.77, 0.28301 ], [ 19193.84, 0.04714 ],
      [ 18800.34, 0.0002 ],  [ 18685, 0.0002 ],
      [ 18600, 0.0002 ],     [ 18479.65, 0.0002 ],
      [ 18424.27, 0.05696 ], [ 18357.98, 0.0002 ],
      [ 18230.49, 0.00467 ], [ 18169.95, 0.0102 ],
      [ 18035.09, 0.06077 ], [ 18000.95, 0.0102 ],
      [ 17909.99, 0.0102 ],  [ 17900, 0.0102 ],
      [ 17841.2, 0.00044 ],  [ 17696.59, 0.01019 ],
      [ 17645.49, 0.00695 ], [ 17625.83, 0.05 ]
    ],
    asks: [
      [ 19645.18, 0.04197 ], [ 19680.64, 0.01439 ],
      [ 19723.54, 0.78215 ], [ 19984.98, 0.0167 ],
      [ 20367.75, 0.0286 ],  [ 20561.74, 0.00712 ],
      [ 20755.72, 0.04267 ], [ 20777.39, 0.001 ],
      [ 20939.4, 0.00148 ],  [ 20947.18, 0.00799 ],
      [ 21000, 0.001 ],      [ 21060.26, 0.001 ],
      [ 21139.34, 0.0067 ],  [ 21239.42, 0.001 ],
      [ 21250, 0.001 ],      [ 21333.28, 0.00169 ],
      [ 21403.25, 0.001 ],   [ 21458, 0.00148 ],
      [ 21459, 1.16956 ],    [ 21500, 0.001 ]
    ],
    timestamp: undefined,
    datetime: undefined,
    nonce: undefined
  },
  'ETH/USDT': {
    symbol: 1664841520222,
    bids: [
      [ 1320.96, 2.0777 ],
      [ 1318.83, 0.7124 ],
      [ 1312.35, 0.0183 ],
      [ 1292.43, 0.0933 ],
      [ 1266.05, 1.0951 ],
      [ 1186.83, 0.169 ],
      [ 1160.26, 0.0041 ],
      [ 1054.55, 0.0095 ],
      [ 1000, 0.015 ]
    ],
    asks: [
      [ 1325.69, 3.2122 ],
      [ 1327.5, 2.4845 ],
      [ 1339.9, 0.0231 ],
      [ 1345.09, 0.2912 ],
      [ 1371.23, 0.6626 ],
      [ 1450.03, 0.101 ],
      [ 1476.64, 0.3791 ],
      [ 1582.18, 2.9441 ],
      [ 1680, 1.988 ],
      [ 1764.86, 6.8079 ],
      [ 2440.04, 0.0073 ],
      [ 5094.03, 0.1 ],
      [ 6094.03, 0.1 ]
    ],
    timestamp: undefined,
    datetime: undefined,
    nonce: undefined
  },
  'XHT/USDT': {
    symbol: 1664841498569,
    bids: [
      [ 0.1683, 1055 ],  [ 0.168, 8220 ],
      [ 0.1655, 19600 ], [ 0.1647, 265 ],
      [ 0.1606, 311 ],   [ 0.1605, 761 ],
      [ 0.1594, 300 ],   [ 0.1589, 1602 ],
      [ 0.1548, 5 ],     [ 0.1547, 5 ],
      [ 0.1545, 5 ],     [ 0.152, 505 ],
      [ 0.15, 373.2 ],   [ 0.143, 1104.4 ],
      [ 0.14, 139.7 ],   [ 0.133, 1004.4 ],
      [ 0.13, 226.6 ],   [ 0.12, 488.9 ],
      [ 0.11, 2066.6 ],  [ 0.1088, 300 ]
    ],
    asks: [
      [ 0.1701, 2393 ], [ 0.1715, 8353 ],
      [ 0.1723, 9205 ], [ 0.1739, 705 ],
      [ 0.1748, 10 ],   [ 0.1749, 559 ],
      [ 0.1756, 1222 ], [ 0.1764, 10 ],
      [ 0.1774, 10 ],   [ 0.1791, 10 ],
      [ 0.1797, 10 ],   [ 0.1803, 18.6 ],
      [ 0.1806, 10 ],   [ 0.1903, 25 ],
      [ 0.2, 4356.9 ],  [ 0.203, 14.8 ],
      [ 0.204, 119.9 ], [ 0.205, 199.8 ],
      [ 0.21, 10 ],     [ 0.211, 14.8 ]
    ],
    timestamp: undefined,
    datetime: undefined,
    nonce: undefined
  },
  'SHIB/USDT': {
    symbol: 1664751479829,
    bids: [],
    asks: [
      [ 0.000008, 59427.09999994 ],
      [ 0.00001, 128251.8 ],
      [ 0.00025, 50000 ],
      [ 0.0003, 5891231.10000001 ],
      [ 0.000305, 85081.1 ],
      [ 0.00031, 383728.3 ],
      [ 0.00033, 2000 ],
      [ 0.0005, 1300693.40000019 ],
      [ 0.0031, 157583 ],
      [ 0.004, 577.7 ],
      [ 0.04, 2141 ],
      [ 0.07, 1351.2 ],
      [ 0.1, 12385.3 ],
      [ 0.15, 1840.7 ],
      [ 0.4, 1000 ],
      [ 0.5, 1000 ],
      [ 0.6, 1000 ],
      [ 0.666, 100000 ],
      [ 0.7, 1000 ],
      [ 0.72, 1008 ]
    ],
    timestamp: undefined,
    datetime: undefined,
    nonce: undefined
  },
  'XRP/USDT': {
    symbol: 1664841530686,
    bids: [
      [ 0.461, 1834 ],
      [ 0.45888, 251 ],
      [ 0.4586, 450 ],
      [ 0.45645, 3599 ],
      [ 0.44429, 4973 ],
      [ 0.4393, 8218 ],
      [ 0.43, 1749.6 ],
      [ 0.42176, 1391 ],
      [ 0.41713, 12313 ],
      [ 0.1, 1 ]
    ],
    asks: [
      [ 0.46332, 107 ],
      [ 0.46349, 358 ],
      [ 0.46679, 2086 ],
      [ 0.46704, 1999 ],
      [ 0.48048, 1486 ],
      [ 0.48535, 1876 ],
      [ 0.48993, 9280 ],
      [ 0.49554, 4448 ],
      [ 0.8146, 1.1 ],
      [ 0.82106, 1.1 ],
      [ 0.82948, 1.1 ],
      [ 0.894, 1.1 ],
      [ 1.1, 193.3 ]
    ],
    timestamp: undefined,
    datetime: undefined,
    nonce: undefined
  },
  'TRX/USDT': {
    symbol: 1664841524391,
    bids: [
      [ 0.06122, 17649 ],
      [ 0.06085, 256 ],
      [ 0.05995, 4248 ],
      [ 0.05811, 4976 ],
      [ 0.05505, 7821 ],
      [ 0.05383, 13250 ],
      [ 0.05355, 50 ],
      [ 0.0526, 9434 ],
      [ 0.05235, 50 ],
      [ 0.05117, 50 ],
      [ 0.04893, 11595 ],
      [ 0.0476, 50 ]
    ],
    asks: [
      [ 0.06147, 10395 ], [ 0.06208, 5596 ],
      [ 0.0624, 8502 ],   [ 0.06248, 22.6 ],
      [ 0.0629, 3 ],      [ 0.06425, 10172 ],
      [ 0.065, 103 ],     [ 0.06546, 3 ],
      [ 0.06555, 245.5 ], [ 0.066, 122.8 ],
      [ 0.06665, 3 ],     [ 0.067, 103 ],
      [ 0.0673, 11324 ],  [ 0.06783, 3 ],
      [ 0.068, 103 ],     [ 0.06852, 12127 ],
      [ 0.069, 103 ],     [ 0.06976, 4394 ],
      [ 0.07, 502 ],      [ 0.07342, 6607 ]
    ],
    timestamp: undefined,
    datetime: undefined,
    nonce: undefined
  },
  'ADA/USDT': {
    symbol: 1664841499027,
    bids: [
      [ 0.42664, 343 ],
      [ 0.42292, 20 ],
      [ 0.41649, 81 ],
      [ 0.40375, 269 ],
      [ 0.4, 12 ],
      [ 0.3825, 17 ],
      [ 0.374, 25 ],
      [ 0.36549, 1275 ],
      [ 0.34, 25 ],
      [ 0.1, 1 ]
    ],
    asks: [
      [ 0.42865, 1072 ],
      [ 0.43157, 31 ],
      [ 0.43359, 43 ],
      [ 0.44635, 34 ],
      [ 0.44684, 150 ],
      [ 0.46761, 284 ],
      [ 0.4761, 9 ],
      [ 0.4846, 668 ],
      [ 0.51012, 42 ],
      [ 0.5175, 12213.8 ],
      [ 0.9, 25.6 ],
      [ 2.4, 6.1 ]
    ],
    timestamp: undefined,
    datetime: undefined,
    nonce: undefined
  },
  'BCH/USDT': {
    symbol: 1664841419496,
    bids: [
      [ 115.9, 0.0214 ],
      [ 115.8, 0.0333 ],
      [ 113.9, 0.7593 ],
      [ 111.5, 0.011 ],
      [ 106.8, 0.0859 ],
      [ 104.5, 0.0016 ],
      [ 102.2, 0.3636 ],
      [ 99.7, 0.7779 ],
      [ 92.9, 0.6814 ]
    ],
    asks: [
      [ 116.5, 0.581 ],
      [ 118.4, 2.5949 ],
      [ 120.8, 0.0111 ],
      [ 125.5, 0.0611 ],
      [ 127.8, 0.0956 ],
      [ 130, 0.364 ],
      [ 132.5, 0.7451 ],
      [ 139.4, 1.2637 ]
    ],
    timestamp: undefined,
    datetime: undefined,
    nonce: undefined
  },
  'ETH/BTC': {
    symbol: 1664841523613,
    bids: [
      [ 0.06729, 0.1297 ],
      [ 0.06669, 0.0196 ],
      [ 0.06668, 0.5918 ],
      [ 0.06625, 0.01 ],
      [ 0.06598, 0.007 ],
      [ 0.06457, 0.0314 ],
      [ 0.06117, 0.1718 ],
      [ 0.06049, 1.148 ],
      [ 0.05779, 0.0438 ],
      [ 0.05439, 1.5406 ]
    ],
    asks: [
      [ 0.06757, 0.0418 ],
      [ 0.06804, 0.0902 ],
      [ 0.06868, 0.0116 ],
      [ 0.07137, 0.0134 ],
      [ 0.07175, 0.01 ],
      [ 0.07275, 0.01 ],
      [ 0.07477, 0.2007 ],
      [ 0.07545, 1.9194 ],
      [ 0.07817, 0.0758 ],
      [ 0.08157, 2.7614 ],
      [ 0.09777, 0.0001 ]
    ],
    timestamp: undefined,
    datetime: undefined,
    nonce: undefined
  },
  'XLM/USDT': {
    symbol: 1664841522885,
    bids: [
      [ 0.11633, 67 ],
      [ 0.11557, 2552 ],
      [ 0.11455, 323 ],
      [ 0.10875, 33 ],
      [ 0.10644, 4726 ],
      [ 0.10191, 25 ],
      [ 0.0995, 153 ],
      [ 0.09823, 100 ],
      [ 0.09356, 100 ],
      [ 0.09256, 394 ],
      [ 0.08792, 1018 ],
      [ 0.08099, 376 ],
      [ 0.00101, 3000 ]
    ],
    asks: [
      [ 0.11723, 1749 ], [ 0.11737, 51 ],
      [ 0.11934, 4763 ], [ 0.12274, 51 ],
      [ 0.12311, 10 ],   [ 0.12506, 3181 ],
      [ 0.12995, 10 ],   [ 0.132, 172 ],
      [ 0.1368, 10 ],    [ 0.13895, 298 ],
      [ 0.14136, 5 ],    [ 0.14358, 1211 ],
      [ 0.15054, 311 ],  [ 0.32, 696 ],
      [ 0.35, 696 ],     [ 0.41025, 2 ],
      [ 0.45, 34 ]
    ],
    timestamp: undefined,
    datetime: undefined,
    nonce: undefined
  },
  'DOT/USDT': {
    symbol: 1664841531634,
    bids: [
      [ 6.35, 17.53 ],
      [ 6.32, 3.3 ],
      [ 6.26, 3.72 ],
      [ 6.01, 29.53 ],
      [ 5.7, 12.66 ],
      [ 5.57, 7.46 ],
      [ 5.44, 82.56 ],
      [ 5.05, 2.68 ]
    ],
    asks: [
      [ 6.38, 20.48 ], [ 6.45, 0.21 ],
      [ 6.53, 5.83 ],  [ 6.66, 16.14 ],
      [ 6.88, 0.03 ],  [ 6.97, 19.51 ],
      [ 7.1, 6.19 ],   [ 7.23, 181.72 ],
      [ 7.61, 0.56 ],  [ 10, 1 ],
      [ 10.45, 0.1 ],  [ 10.64, 0.1 ],
      [ 10.83, 0.1 ],  [ 11, 1.5 ],
      [ 11.4, 0.1 ],   [ 12, 2 ],
      [ 13, 2.5 ],     [ 14, 1.01 ],
      [ 56, 0.34 ],    [ 60, 0.74 ]
    ],
    timestamp: undefined,
    datetime: undefined,
    nonce: undefined
  },
  'DOGE/USDT': {
    symbol: 1664841526927,
    bids: [
      [ 0.060219, 2982 ], [ 0.059707, 366 ],
      [ 0.058869, 126 ],  [ 0.058398, 5 ],
      [ 0.057732, 5 ],    [ 0.057124, 5 ],
      [ 0.057067, 1276 ], [ 0.056461, 2429 ],
      [ 0.054693, 5 ],    [ 0.054063, 543 ],
      [ 0.053478, 5 ],    [ 0.052862, 11622 ],
      [ 0.048616, 5 ],    [ 0.048056, 424 ],
      [ 0.048, 505 ]
    ],
    asks: [
      [ 0.060471, 1125 ], [ 0.060913, 242 ],
      [ 0.061282, 975 ],  [ 0.063084, 2364 ],
      [ 0.063685, 3214 ], [ 0.063695, 3 ],
      [ 0.06467, 2 ],     [ 0.066088, 899 ],
      [ 0.066099, 2 ],    [ 0.06729, 10579 ],
      [ 0.07, 102 ],      [ 0.072096, 23 ],
      [ 0.07212, 2 ],     [ 0.075, 202 ],
      [ 0.08, 300 ],      [ 0.085, 400 ],
      [ 0.12, 200 ],      [ 0.145, 1500 ],
      [ 0.2, 21081 ],     [ 0.24, 191 ]
    ],
    timestamp: undefined,
    datetime: undefined,
    nonce: undefined
  },
  'LTC/USDT': {
    symbol: 1664841527582,
    bids: [
      [ 54.05, 5.7503 ],
      [ 53.84, 0.1767 ],
      [ 53.05, 0.5808 ],
      [ 49.34, 1.0985 ],
      [ 48.26, 6.2709 ],
      [ 47.19, 0.0975 ],
      [ 46.11, 0.1629 ],
      [ 45.03, 0.3529 ],
      [ 43.96, 0.3931 ]
    ],
    asks: [
      [ 54.26, 5.2059 ], [ 54.69, 0.584 ],
      [ 55.22, 0.7567 ], [ 57.93, 2.0703 ],
      [ 59, 2.4377 ],    [ 60.08, 0.104 ],
      [ 61.14, 0.0486 ], [ 62.21, 0.1825 ],
      [ 63.28, 0.3317 ], [ 70, 0.1 ],
      [ 75, 0.1 ],       [ 80, 0.1 ],
      [ 85, 0.1 ],       [ 90, 0.1 ],
      [ 95, 0.1 ],       [ 100, 0.077 ],
      [ 300, 0.0215 ],   [ 500, 1 ],
      [ 650, 0.1 ],      [ 1000, 1 ]
    ],
    timestamp: undefined,
    datetime: undefined,
    nonce: undefined
  },
  'BNB/USDT': {
    symbol: 1664841530165,
    bids: [
      [ 286.43, 0.394 ],
      [ 286.04, 1.954 ],
      [ 284.43, 1.592 ],
      [ 281.75, 1.033 ],
      [ 281, 0.01 ],
      [ 200.1, 0.316 ],
      [ 50, 0.01 ]
    ],
    asks: [
      [ 287.29, 0.756 ],
      [ 287.62, 4.503 ],
      [ 290.26, 1.215 ],
      [ 293.35, 3.637 ],
      [ 500, 0.041 ],
      [ 550, 0.023 ]
    ],
    timestamp: undefined,
    datetime: undefined,
    nonce: undefined
  },
  'UNI/USDT': {
    symbol: 1664841528413,
    bids: [
      [ 6.617, 5.82 ],
      [ 6.564, 2.81 ],
      [ 6.546, 4.51 ],
      [ 6.384, 15.71 ],
      [ 5.894, 5.44 ],
      [ 5.829, 10.07 ],
      [ 5.567, 86.52 ],
      [ 5.24, 6.9 ]
    ],
    asks: [
      [ 6.652, 19.77 ],
      [ 6.727, 3.5 ],
      [ 6.824, 5.12 ],
      [ 7.067, 7.83 ],
      [ 7.216, 44.88 ],
      [ 7.282, 6.57 ],
      [ 7.543, 68.91 ],
      [ 7.872, 6.9 ],
      [ 8, 1 ],
      [ 8.5, 2 ],
      [ 9, 3 ]
    ],
    timestamp: undefined,
    datetime: undefined,
    nonce: undefined
  },
  'SOL/USDT': {
    symbol: 1664841530822,
    bids: [
      [ 32.7, 10.161 ],
      [ 32.6, 4.633 ],
      [ 32.3, 4 ],
      [ 30, 0.1 ],
      [ 25, 0.1 ],
      [ 20, 0.1 ],
      [ 15, 0.1 ],
      [ 10, 0.1 ],
      [ 5, 0.1 ],
      [ 1.1, 0.1 ]
    ],
    asks: [
      [ 33, 0.222 ],
      [ 33.1, 44 ],
      [ 33.2, 3.638 ],
      [ 33.7, 4 ],
      [ 36.7, 132.384 ],
      [ 36.8, 226.057 ],
      [ 80, 0.627 ],
      [ 150, 11.115 ]
    ],
    timestamp: undefined,
    datetime: undefined,
    nonce: undefined
  },
  'USDT/CAD': {
    symbol: 1664336516551,
    bids: [],
    asks: [],
    timestamp: undefined,
    datetime: undefined,
    nonce: undefined
  },
  'XMR/USDT': {
    symbol: 1664841527798,
    bids: [
      [ 141.18, 1.295 ],
      [ 140.12, 9.479 ],
      [ 138.77, 1.829 ],
      [ 128.97, 3.462 ],
      [ 126.18, 21.629 ],
      [ 123.38, 0.083 ],
      [ 120.56, 0.354 ],
      [ 117.77, 0.369 ],
      [ 112.16, 0.316 ]
    ],
    asks: [
      [ 141.97, 6.868 ],  [ 142.13, 1.05 ],
      [ 144.43, 1.902 ],  [ 151.41, 1.271 ],
      [ 154.28, 19.878 ], [ 157.02, 0.086 ],
      [ 159.81, 90.591 ], [ 159.83, 0.03 ],
      [ 162.63, 0.294 ],  [ 168.24, 0.052 ],
      [ 169.67, 0.002 ],  [ 172.81, 0.002 ],
      [ 175.95, 0.002 ],  [ 179.09, 0.002 ],
      [ 182.24, 0.001 ],  [ 188.52, 0.001 ],
      [ 500, 1 ],         [ 600, 1 ]
    ],
    timestamp: undefined,
    datetime: undefined,
    nonce: undefined
  },
  'FOTC/USDT': {
    symbol: 1664725916321,
    bids: [],
    asks: [ [ 0.000011, 2262526263.851818 ] ],
    timestamp: undefined,
    datetime: undefined,
    nonce: undefined
  },
  'USHX/USDT': {
    symbol: 1664725904130,
    bids: [],
    asks: [
      [ 0.000015, 12500000 ],
      [ 0.00002, 7500000 ],
      [ 0.000025, 3500000 ],
      [ 0.00003, 15617936 ],
      [ 0.000035, 5200000 ],
      [ 0.000042, 6200000 ],
      [ 0.000047, 9500000 ],
      [ 0.000048, 2400000 ],
      [ 0.00005, 2500000 ],
      [ 0.000056, 7166660 ],
      [ 0.000059, 13500000 ],
      [ 0.00006, 35000000 ],
      [ 0.00007, 8100000 ],
      [ 0.000082, 321500000 ],
      [ 0.000085, 9982962.8807051 ],
      [ 0.0001, 5987128 ],
      [ 0.00011, 148013644.3528218 ]
    ],
    timestamp: undefined,
    datetime: undefined,
    nonce: undefined
  },
  'LINK/USDT': {
    symbol: 1664841534194,
    bids: [ [ 7.32, 2.7 ], [ 7.26, 2 ], [ 7.19, 7.9 ] ],
    asks: [
      [ 7.35, 3.1 ],
      [ 7.36, 3.8 ],
      [ 7.41, 3.5 ],
      [ 7.48, 8.6 ],
      [ 10.99, 0.1 ],
      [ 26, 1.3 ],
      [ 29, 0.7 ]
    ],
    timestamp: undefined,
    datetime: undefined,
    nonce: undefined
  },
  'XTZ/USDT': {
    symbol: 1664841525870,
    bids: [
      [ 1.43511, 471.3 ],
      [ 1.42955, 2.8 ],
      [ 1.41609, 8.8 ],
      [ 1.35945, 12.2 ],
      [ 1.2879, 4.6 ],
      [ 1.27358, 48.7 ],
      [ 1.21635, 61.8 ],
      [ 1.1444, 1655.3 ]
    ],
    asks: [
      [ 1.44238, 1025.1 ],
      [ 1.45944, 0.7 ],
      [ 1.47492, 5.8 ],
      [ 1.5036, 2.8 ],
      [ 1.57519, 40.9 ],
      [ 1.58952, 31.7 ],
      [ 1.6468, 722.3 ],
      [ 1.71839, 723.7 ]
    ],
    timestamp: undefined,
    datetime: undefined,
    nonce: undefined
  },
  'MANA/USDT': {
    symbol: 1664839236600,
    bids: [],
    asks: [
      [ 0.6997, 22 ],
      [ 0.718, 248 ],
      [ 1.1, 10 ],
      [ 1.5, 10 ],
      [ 2, 1 ],
      [ 3, 1 ],
      [ 4, 1 ],
      [ 5, 1 ],
      [ 6, 1 ]
    ],
    timestamp: undefined,
    datetime: undefined,
    nonce: undefined
  },
  'MATIC/USDT': {
    symbol: 1664841533625,
    bids: [
      [ 0.7969, 411 ],
      [ 0.79025, 9195 ],
      [ 0.65, 1 ],
      [ 0.6, 1 ],
      [ 0.55, 1 ],
      [ 0.5, 1 ]
    ],
    asks: [
      [ 0.80501, 991 ],
      [ 0.80969, 8918 ],
      [ 0.85, 1 ],
      [ 0.92295, 21641 ]
    ],
    timestamp: undefined,
    datetime: undefined,
    nonce: undefined
  }
}
2022-10-03T23:58:54.387Z iteration 1 passed in 519 ms

